color_palette:
rgb(31,31,31)
rgb(0,0,0)
rgb(0,31,31)
rgb(0,0,0)
rgb(0,0,0)
rgb(0,0,0)
rgb(0,0,0)
rgb(0,0,0)
rgb(0,0,0)
rgb(0,0,0)
rgb(0,0,0)
rgb(0,0,0)
rgb(0,0,0)
rgb(0,0,0)
rgb(0,0,0)
rgb(0,0,0)

rgb(31,31,31)
rgb(0,0,0)
rgb(0,0,0)
rgb(0,0,0)
rgb(0,0,0)
rgb(0,0,0)
rgb(0,0,0)
rgb(0,0,0)
rgb(0,0,0)
rgb(0,0,0)
rgb(0,0,0)
rgb(0,0,0)
rgb(0,0,0)
rgb(0,0,0)
rgb(0,0,0)
rgb(0,0,0)

rgb(31,31,31)
rgb(0,0,0)
rgb(0,0,0)
rgb(0,0,0)
rgb(0,0,0)
rgb(0,0,0)
rgb(0,0,0)
rgb(0,0,0)
rgb(0,0,0)
rgb(0,0,0)
rgb(0,0,0)
rgb(0,0,0)
rgb(0,0,0)
rgb(0,0,0)
rgb(0,0,0)
rgb(0,0,0)

rgb(31,31,31)
rgb(0,0,0)
rgb(0,0,0)
rgb(0,0,0)
rgb(0,0,0)
rgb(0,0,0)
rgb(0,0,0)
rgb(0,0,0)
rgb(0,0,0)
rgb(0,0,0)
rgb(0,0,0)
rgb(0,0,0)
rgb(0,0,0)
rgb(0,0,0)
rgb(0,0,0)
rgb(0,0,0)

rgb(31,31,31)
rgb(0,0,0)
rgb(0,0,0)
rgb(0,0,0)
rgb(0,0,0)
rgb(0,0,0)
rgb(0,0,0)
rgb(0,0,0)
rgb(0,0,0)
rgb(0,0,0)
rgb(0,0,0)
rgb(0,0,0)
rgb(0,0,0)
rgb(0,0,0)
rgb(0,0,0)
rgb(0,0,0)

rgb(31,31,31)
rgb(0,0,0)
rgb(0,0,0)
rgb(0,0,0)
rgb(0,0,0)
rgb(0,0,0)
rgb(0,0,0)
rgb(0,0,0)
rgb(0,0,0)
rgb(0,0,0)
rgb(0,0,0)
rgb(0,0,0)
rgb(0,0,0)
rgb(0,0,0)
rgb(0,0,0)
rgb(0,0,0)

rgb(31,31,31)
rgb(0,0,0)
rgb(0,0,0)
rgb(0,0,0)
rgb(0,0,0)
rgb(0,0,0)
rgb(0,0,0)
rgb(0,0,0)
rgb(0,0,0)
rgb(0,0,0)
rgb(0,0,0)
rgb(0,0,0)
rgb(0,0,0)
rgb(0,0,0)
rgb(0,0,0)
rgb(0,0,0)

rgb(31,31,31)
rgb(0,0,0)
rgb(0,0,0)
rgb(0,0,0)
rgb(0,0,0)
rgb(0,0,0)
rgb(0,0,0)
rgb(0,0,0)
rgb(0,0,0)
rgb(0,0,0)
rgb(0,0,0)
rgb(0,0,0)
rgb(0,0,0)
rgb(0,0,0)
rgb(0,0,0)
rgb(0,0,0)

rgb(31,31,31)
rgb(0,0,0)
rgb(0,31,31)
rgb(0,0,0)
rgb(0,0,0)
rgb(0,0,0)
rgb(0,0,0)
rgb(0,0,0)
rgb(0,0,0)
rgb(0,0,0)
rgb(0,0,0)
rgb(0,0,0)
rgb(0,0,0)
rgb(0,0,0)
rgb(0,0,0)
rgb(0,0,0)

rgb(31,31,31)
rgb(0,0,0)
rgb(0,0,0)
rgb(0,0,0)
rgb(0,0,0)
rgb(0,0,0)
rgb(0,0,0)
rgb(0,0,0)
rgb(0,0,0)
rgb(0,0,0)
rgb(0,0,0)
rgb(0,0,0)
rgb(0,0,0)
rgb(0,0,0)
rgb(0,0,0)
rgb(0,0,0)

rgb(31,31,31)
rgb(0,0,0)
rgb(0,0,0)
rgb(0,0,0)
rgb(0,0,0)
rgb(0,0,0)
rgb(0,0,0)
rgb(0,0,0)
rgb(0,0,0)
rgb(0,0,0)
rgb(0,0,0)
rgb(0,0,0)
rgb(0,0,0)
rgb(0,0,0)
rgb(0,0,0)
rgb(0,0,0)

rgb(31,31,31)
rgb(0,0,0)
rgb(0,0,0)
rgb(0,0,0)
rgb(0,0,0)
rgb(0,0,0)
rgb(0,0,0)
rgb(0,0,0)
rgb(0,0,0)
rgb(0,0,0)
rgb(0,0,0)
rgb(0,0,0)
rgb(0,0,0)
rgb(0,0,0)
rgb(0,0,0)
rgb(0,0,0)

rgb(31,31,31)
rgb(0,0,0)
rgb(0,0,0)
rgb(0,0,0)
rgb(0,0,0)
rgb(0,0,0)
rgb(0,0,0)
rgb(0,0,0)
rgb(0,0,0)
rgb(0,0,0)
rgb(0,0,0)
rgb(0,0,0)
rgb(0,0,0)
rgb(0,0,0)
rgb(0,0,0)
rgb(0,0,0)

rgb(31,31,31)
rgb(0,0,0)
rgb(0,0,0)
rgb(0,0,0)
rgb(0,0,0)
rgb(0,0,0)
rgb(0,0,0)
rgb(0,0,0)
rgb(0,0,0)
rgb(0,0,0)
rgb(0,0,0)
rgb(0,0,0)
rgb(0,0,0)
rgb(0,0,0)
rgb(0,0,0)
rgb(0,0,0)

rgb(31,31,31)
rgb(0,0,0)
rgb(0,0,0)
rgb(0,0,0)
rgb(0,0,0)
rgb(0,0,0)
rgb(0,0,0)
rgb(0,0,0)
rgb(0,0,0)
rgb(0,0,0)
rgb(0,0,0)
rgb(0,0,0)
rgb(0,0,0)
rgb(0,0,0)
rgb(0,0,0)
rgb(0,0,0)

rgb(31,31,31)
rgb(0,0,0)
rgb(0,0,0)
rgb(0,0,0)
rgb(0,0,0)
rgb(0,0,0)
rgb(0,0,0)
rgb(0,0,0)
rgb(0,0,0)
rgb(0,0,0)
rgb(0,0,0)
rgb(0,0,0)
rgb(0,0,0)
rgb(0,0,0)
rgb(0,0,0)
rgb(0,0,0)